# (1)	(2)
# kT	c
1.000000000000000000e+01	6.477446556091308594e-01
1.022556400299072266e+01	6.380118727684020996e-01
1.045112800598144531e+01	6.285114884376525879e-01
1.067669200897216797e+01	6.192389130592346191e-01
1.090225601196289062e+01	6.101890802383422852e-01
1.112782001495361328e+01	6.013569235801696777e-01
1.135338306427001953e+01	5.927376151084899902e-01
1.157894706726074219e+01	5.843256115913391113e-01
1.180451107025146484e+01	5.761157870292663574e-01
1.203007507324218750e+01	5.681027770042419434e-01
1.225563907623291016e+01	5.602812767028808594e-01
1.248120307922363281e+01	5.526462793350219727e-01
1.270676708221435547e+01	5.451923012733459473e-01
1.293233108520507812e+01	5.379144549369812012e-01
1.315789508819580078e+01	5.308076143264770508e-01
1.338345909118652344e+01	5.238671898841857910e-01
1.360902214050292969e+01	5.170881152153015137e-01
1.383458614349365234e+01	5.104659199714660645e-01
1.406015014648437500e+01	5.039954185485839844e-01
1.428571414947509766e+01	4.976727962493896484e-01
1.451127815246582031e+01	4.914937019348144531e-01
1.473684215545654297e+01	4.854536056518554688e-01
1.496240615844726562e+01	4.795485436916351318e-01
1.518797016143798828e+01	4.737747013568878174e-01
1.541353416442871094e+01	4.681278169155120850e-01
1.563909816741943359e+01	4.626047611236572266e-01
1.586466217041015625e+01	4.572013914585113525e-01
1.609022521972656250e+01	4.519146084785461426e-01
1.631579017639160156e+01	4.467405676841735840e-01
1.654135322570800781e+01	4.416764080524444580e-01
1.676691818237304688e+01	4.367188215255737305e-01
1.699248123168945312e+01	4.318648576736450195e-01
1.721804428100585938e+01	4.271111190319061279e-01
1.744360923767089844e+01	4.224551916122436523e-01
1.766917228698730469e+01	4.178941249847412109e-01
1.789473724365234375e+01	4.134255051612854004e-01
1.812030029296875000e+01	4.090462028980255127e-01
1.834586524963378906e+01	4.047541320323944092e-01
1.857142829895019531e+01	4.005468785762786865e-01
1.879699325561523438e+01	3.964219391345977783e-01
1.902255630493164062e+01	3.923769593238830566e-01
1.924812126159667969e+01	3.884100317955017090e-01
1.947368431091308594e+01	3.845188319683074951e-01
1.969924736022949219e+01	3.807014822959899902e-01
1.992481231689453125e+01	3.769559264183044434e-01
2.015037536621093750e+01	3.732801973819732666e-01
2.037594032287597656e+01	3.696725368499755859e-01
2.060150337219238281e+01	3.661311864852905273e-01
2.082706832885742188e+01	3.626542985439300537e-01
2.105263137817382812e+01	3.592402637004852295e-01
2.127819633483886719e+01	3.558872938156127930e-01
2.150375938415527344e+01	3.525942564010620117e-01
2.172932434082031250e+01	3.493591547012329102e-01
2.195488739013671875e+01	3.461810052394866943e-01
2.218045043945312500e+01	3.430580198764801025e-01
2.240601539611816406e+01	3.399887681007385254e-01
2.263157844543457031e+01	3.369721174240112305e-01
2.285714340209960938e+01	3.340066969394683838e-01
2.308270645141601562e+01	3.310914039611816406e-01
2.330827140808105469e+01	3.282248079776763916e-01
2.353383445739746094e+01	3.254058361053466797e-01
2.375939941406250000e+01	3.226333856582641602e-01
2.398496246337890625e+01	3.199064135551452637e-01
2.421052742004394531e+01	3.172235786914825439e-01
2.443609046936035156e+01	3.145841658115386963e-01
2.466165351867675781e+01	3.119869232177734375e-01
2.488721847534179688e+01	3.094309568405151367e-01
2.511278152465820312e+01	3.069153130054473877e-01
2.533834648132324219e+01	3.044391274452209473e-01
2.556390953063964844e+01	3.020014762878417969e-01
2.578947448730468750e+01	2.996014952659606934e-01
2.601503753662109375e+01	2.972382307052612305e-01
2.624060249328613281e+01	2.949109971523284912e-01
2.646616554260253906e+01	2.926190495491027832e-01
2.669173049926757812e+01	2.903614640235900879e-01
2.691729354858398438e+01	2.881375849246978760e-01
2.714285659790039062e+01	2.859466671943664551e-01
2.736842155456542969e+01	2.837879359722137451e-01
2.759398460388183594e+01	2.816606760025024414e-01
2.781954956054687500e+01	2.795643806457519531e-01
2.804511260986328125e+01	2.774984538555145264e-01
2.827067756652832031e+01	2.754618525505065918e-01
2.849624061584472656e+01	2.734544575214385986e-01
2.872180557250976562e+01	2.714752554893493652e-01
2.894736862182617188e+01	2.695239484310150146e-01
2.917293357849121094e+01	2.675997018814086914e-01
2.939849662780761719e+01	2.657024264335632324e-01
2.962405967712402344e+01	2.638310194015502930e-01
2.984962463378906250e+01	2.619853913784027100e-01
3.007518768310546875e+01	2.601646780967712402e-01
3.030075263977050781e+01	2.583687603473663330e-01
3.052631568908691406e+01	2.565968632698059082e-01
3.075188064575195312e+01	2.548485100269317627e-01
3.097744369506835938e+01	2.531233727931976318e-01
3.120300865173339844e+01	2.514210343360900879e-01
3.142857170104980469e+01	2.497409880161285400e-01
3.165413665771484375e+01	2.480827420949935913e-01
3.187969970703125000e+01	2.464460134506225586e-01
3.210526275634765625e+01	2.448302656412124634e-01
3.233082580566406250e+01	2.432352006435394287e-01
3.255639266967773438e+01	2.416603416204452515e-01
3.278195571899414062e+01	2.401054203510284424e-01
3.300751876831054688e+01	2.385700643062591553e-01
3.323308181762695312e+01	2.370537519454956055e-01
3.345864868164062500e+01	2.355562746524810791e-01
3.368421173095703125e+01	2.340772747993469238e-01
3.390977478027343750e+01	2.326164990663528442e-01
3.413533782958984375e+01	2.311733216047286987e-01
3.436090087890625000e+01	2.297477424144744873e-01
3.458646774291992188e+01	2.283393889665603638e-01
3.481203079223632812e+01	2.269479036331176758e-01
3.503759384155273438e+01	2.255728095769882202e-01
3.526315689086914062e+01	2.242142409086227417e-01
3.548872375488281250e+01	2.228716313838958740e-01
3.571428680419921875e+01	2.215446233749389648e-01
3.593984985351562500e+01	2.202330380678176880e-01
3.616541290283203125e+01	2.189368754625320435e-01
3.639097976684570312e+01	2.176554650068283081e-01
3.661654281616210938e+01	2.163887619972229004e-01
3.684210586547851562e+01	2.151366323232650757e-01
3.706766891479492188e+01	2.138985693454742432e-01
3.729323196411132812e+01	2.126744538545608521e-01
3.751879882812500000e+01	2.114640176296234131e-01
3.774436187744140625e+01	2.102671861648559570e-01
3.796992492675781250e+01	2.090835124254226685e-01
3.819548797607421875e+01	2.079130262136459351e-01
3.842105484008789062e+01	2.067552953958511353e-01
3.864661788940429688e+01	2.056101858615875244e-01
3.887218093872070312e+01	2.044776827096939087e-01
3.909774398803710938e+01	2.033572047948837280e-01
3.932330703735351562e+01	2.022489458322525024e-01
3.954887390136718750e+01	2.011523842811584473e-01
3.977443695068359375e+01	2.000676095485687256e-01
4.000000000000000000e+01	1.989943087100982666e-01
4.022556304931640625e+01	1.979322433471679688e-01
4.045112991333007812e+01	1.968813389539718628e-01
4.067669296264648438e+01	1.958413720130920410e-01
4.090225601196289062e+01	1.948121637105941772e-01
4.112781906127929688e+01	1.937936842441558838e-01
4.135338211059570312e+01	1.927856057882308960e-01
4.157894897460937500e+01	1.917878389358520508e-01
4.180451202392578125e+01	1.908002197742462158e-01
4.203007507324218750e+01	1.898225694894790649e-01
4.225563812255859375e+01	1.888547688722610474e-01
4.248120498657226562e+01	1.878966838121414185e-01
4.270676803588867188e+01	1.869481056928634644e-01
4.293233108520507812e+01	1.860090643167495728e-01
4.315789413452148438e+01	1.850792020559310913e-01
4.338346099853515625e+01	1.841585338115692139e-01
4.360902404785156250e+01	1.832468360662460327e-01
4.383458709716796875e+01	1.823440045118331909e-01
4.406015014648437500e+01	1.814500093460083008e-01
4.428571319580078125e+01	1.805645674467086792e-01
4.451128005981445312e+01	1.796875894069671631e-01
4.473684310913085938e+01	1.788190752267837524e-01
4.496240615844726562e+01	1.779588162899017334e-01
4.518796920776367188e+01	1.771066933870315552e-01
4.541353607177734375e+01	1.762625724077224731e-01
4.563909912109375000e+01	1.754264235496520996e-01
4.586466217041015625e+01	1.745980679988861084e-01
4.609022521972656250e+01	1.737775057554244995e-01
4.631578826904296875e+01	1.729643940925598145e-01
4.654135513305664062e+01	1.721588373184204102e-01
4.676691818237304688e+01	1.713606566190719604e-01
4.699248123168945312e+01	1.705698072910308838e-01
4.721804428100585938e+01	1.697861403226852417e-01
4.744361114501953125e+01	1.690095514059066772e-01
4.766917419433593750e+01	1.682399213314056396e-01
4.789473724365234375e+01	1.674773693084716797e-01
4.812030029296875000e+01	1.667214334011077881e-01
4.834586715698242188e+01	1.659723371267318726e-01
4.857143020629882812e+01	1.652298569679260254e-01
4.879699325561523438e+01	1.644939035177230835e-01
4.902255630493164062e+01	1.637644767761230469e-01
4.924811935424804688e+01	1.630413383245468140e-01
4.947368621826171875e+01	1.623245924711227417e-01
4.969924926757812500e+01	1.616139709949493408e-01
4.992481231689453125e+01	1.609096080064773560e-01
5.015037536621093750e+01	1.602111607789993286e-01
5.037594223022460938e+01	1.595187932252883911e-01
5.060150527954101562e+01	1.588323265314102173e-01
5.082706832885742188e+01	1.581517010927200317e-01
5.105263137817382812e+01	1.574768424034118652e-01
5.127819442749023438e+01	1.568075716495513916e-01
5.150376129150390625e+01	1.561439633369445801e-01
5.172932434082031250e+01	1.554859876632690430e-01
5.195488739013671875e+01	1.548333764076232910e-01
5.218045043945312500e+01	1.541862338781356812e-01
5.240601730346679688e+01	1.535443514585494995e-01
5.263158035278320312e+01	1.529078334569931030e-01
5.285714340209960938e+01	1.522765159606933594e-01
5.308270645141601562e+01	1.516503691673278809e-01
5.330827331542968750e+01	1.510292589664459229e-01
5.353383636474609375e+01	1.504132151603698730e-01
5.375939941406250000e+01	1.498021334409713745e-01
5.398496246337890625e+01	1.491959244012832642e-01
5.421052551269531250e+01	1.485945880413055420e-01
5.443609237670898438e+01	1.479980200529098511e-01
5.466165542602539062e+01	1.474061906337738037e-01
5.488721847534179688e+01	1.468191146850585938e-01
5.511278152465820312e+01	1.462365984916687012e-01
5.533834457397460938e+01	1.456586122512817383e-01
5.556390762329101562e+01	1.450851708650588989e-01
5.578947448730468750e+01	1.445162296295166016e-01
5.601503753662109375e+01	1.439516246318817139e-01
5.624060058593750000e+01	1.433915048837661743e-01
5.646616363525390625e+01	1.428355872631072998e-01
5.669172668457031250e+01	1.422839760780334473e-01
5.691729354858398438e+01	1.417365521192550659e-01
5.714285659790039062e+01	1.411933153867721558e-01
5.736841964721679688e+01	1.406542658805847168e-01
5.759398269653320312e+01	1.401191949844360352e-01
5.781954956054687500e+01	1.395882070064544678e-01
5.804511260986328125e+01	1.390611082315444946e-01
5.827067565917968750e+01	1.385380476713180542e-01
5.849623870849609375e+01	1.380188614130020142e-01
5.872180557250976562e+01	1.375035047531127930e-01
5.894736862182617188e+01	1.369919180870056152e-01
5.917293167114257812e+01	1.364841908216476440e-01
5.939849472045898438e+01	1.359801590442657471e-01
5.962405776977539062e+01	1.354797631502151489e-01
5.984962463378906250e+01	1.349830776453018188e-01
6.007518768310546875e+01	1.344898939132690430e-01
6.030075073242187500e+01	1.340004056692123413e-01
6.052631378173828125e+01	1.335143744945526123e-01
6.075188064575195312e+01	1.330318301916122437e-01
6.097744369506835938e+01	1.325527578592300415e-01
6.120300674438476562e+01	1.320770978927612305e-01
6.142856979370117188e+01	1.316048353910446167e-01
6.165413284301757812e+01	1.311359405517578125e-01
6.187969970703125000e+01	1.306702643632888794e-01
6.210526275634765625e+01	1.302079260349273682e-01
6.233082580566406250e+01	1.297488510608673096e-01
6.255638885498046875e+01	1.292929649353027344e-01
6.278195571899414062e+01	1.288401782512664795e-01
6.300751876831054688e+01	1.283905357122421265e-01
6.323308181762695312e+01	1.279441118240356445e-01
6.345864486694335938e+01	1.275006979703903198e-01
6.368421173095703125e+01	1.270603239536285400e-01
6.390977478027343750e+01	1.266230493783950806e-01
6.413533782958984375e+01	1.261886656284332275e-01
6.436090087890625000e+01	1.257572770118713379e-01
6.458646392822265625e+01	1.253287643194198608e-01
6.481202697753906250e+01	1.249032393097877502e-01
6.503759002685546875e+01	1.244804114103317261e-01
6.526316070556640625e+01	1.240605786442756653e-01
6.548872375488281250e+01	1.236435100436210632e-01
6.571428680419921875e+01	1.232291460037231445e-01
6.593984985351562500e+01	1.228176727890968323e-01
6.616541290283203125e+01	1.224088370800018311e-01
6.639097595214843750e+01	1.220027282834053040e-01
6.661653900146484375e+01	1.215992644429206848e-01
6.684210205078125000e+01	1.211984455585479736e-01
6.706766510009765625e+01	1.208002790808677673e-01
6.729323577880859375e+01	1.204046681523323059e-01
6.751879882812500000e+01	1.200116127729415894e-01
6.774436187744140625e+01	1.196211576461791992e-01
6.796992492675781250e+01	1.192331761121749878e-01
6.819548797607421875e+01	1.188477873802185059e-01
6.842105102539062500e+01	1.184647753834724426e-01
6.864661407470703125e+01	1.180841997265815735e-01
6.887217712402343750e+01	1.177060827612876892e-01
6.909774017333984375e+01	1.173303648829460144e-01
6.932331085205078125e+01	1.169570162892341614e-01
6.954887390136718750e+01	1.165860816836357117e-01
6.977443695068359375e+01	1.162174418568611145e-01
7.000000000000000000e+01	1.158511042594909668e-01
7.022556304931640625e+01	1.154869869351387024e-01
7.045112609863281250e+01	1.151252239942550659e-01
7.067668914794921875e+01	1.147656813263893127e-01
7.090225219726562500e+01	1.144084185361862183e-01
7.112782287597656250e+01	1.140533164143562317e-01
7.135338592529296875e+01	1.137004420161247253e-01
7.157894897460937500e+01	1.133497282862663269e-01
7.180451202392578125e+01	1.130011603236198425e-01
7.203007507324218750e+01	1.126546487212181091e-01
7.225563812255859375e+01	1.123102903366088867e-01
7.248120117187500000e+01	1.119680255651473999e-01
7.270676422119140625e+01	1.116279065608978271e-01
7.293232727050781250e+01	1.112897321581840515e-01
7.315789794921875000e+01	1.109536364674568176e-01
7.338346099853515625e+01	1.106195300817489624e-01
7.360902404785156250e+01	1.102873831987380981e-01
7.383458709716796875e+01	1.099573448300361633e-01
7.406015014648437500e+01	1.096291169524192810e-01
7.428571319580078125e+01	1.093029603362083435e-01
7.451127624511718750e+01	1.089786440134048462e-01
7.473683929443359375e+01	1.086563095450401306e-01
7.496240234375000000e+01	1.083358004689216614e-01
7.518797302246093750e+01	1.080172061920166016e-01
7.541353607177734375e+01	1.077005118131637573e-01
7.563909912109375000e+01	1.073855683207511902e-01
7.586466217041015625e+01	1.070725172758102417e-01
7.609022521972656250e+01	1.067612990736961365e-01
7.631578826904296875e+01	1.064518019556999207e-01
7.654135131835937500e+01	1.061442270874977112e-01
7.676691436767578125e+01	1.058382317423820496e-01
7.699247741699218750e+01	1.055340841412544250e-01
7.721804809570312500e+01	1.052316576242446899e-01
7.744361114501953125e+01	1.049309000372886658e-01
7.766917419433593750e+01	1.046319529414176941e-01
7.789473724365234375e+01	1.043346524238586426e-01
7.812030029296875000e+01	1.040390059351921082e-01
7.834586334228515625e+01	1.037450805306434631e-01
7.857142639160156250e+01	1.034527495503425598e-01
7.879698944091796875e+01	1.031620949506759644e-01
7.902255249023437500e+01	1.028730496764183044e-01
7.924812316894531250e+01	1.025856062769889832e-01
7.947368621826171875e+01	1.022998094558715820e-01
7.969924926757812500e+01	1.020154654979705811e-01
7.992481231689453125e+01	1.017327606678009033e-01
8.015037536621093750e+01	1.014516875147819519e-01
8.037593841552734375e+01	1.011720672249794006e-01
8.060150146484375000e+01	1.008940488100051880e-01
8.082706451416015625e+01	1.006174981594085693e-01
8.105262756347656250e+01	1.003424376249313354e-01
8.127819824218750000e+01	1.000688821077346802e-01
8.150376129150390625e+01	9.979680180549621582e-02
8.172932434082031250e+01	9.952624142169952393e-02
8.195488739013671875e+01	9.925711154937744141e-02
8.218045043945312500e+01	9.898943454027175903e-02
8.240601348876953125e+01	9.872314333915710449e-02
8.263157653808593750e+01	9.845837950706481934e-02
8.285713958740234375e+01	9.819494932889938354e-02
8.308271026611328125e+01	9.793289005756378174e-02
8.330827331542968750e+01	9.767227619886398315e-02
8.353383636474609375e+01	9.741304069757461548e-02
8.375939941406250000e+01	9.715516120195388794e-02
8.398496246337890625e+01	9.689864516258239746e-02
8.421052551269531250e+01	9.664347767829895020e-02
8.443608856201171875e+01	9.638962894678115845e-02
8.466165161132812500e+01	9.613709896802902222e-02
8.488721466064453125e+01	9.588592499494552612e-02
8.511278533935546875e+01	9.563606232404708862e-02
8.533834838867187500e+01	9.538745880126953125e-02
8.556391143798828125e+01	9.514011442661285400e-02
8.578947448730468750e+01	9.489405900239944458e-02
8.601503753662109375e+01	9.464933723211288452e-02
8.624060058593750000e+01	9.440582245588302612e-02
8.646616363525390625e+01	9.416353702545166016e-02
8.669172668457031250e+01	9.392247349023818970e-02
8.691728973388671875e+01	9.368269890546798706e-02
8.714286041259765625e+01	9.344410896301269531e-02
8.736842346191406250e+01	9.320670366287231445e-02
8.759398651123046875e+01	9.297049790620803833e-02
8.781954956054687500e+01	9.273552149534225464e-02
8.804511260986328125e+01	9.250172972679138184e-02
8.827067565917968750e+01	9.226906299591064453e-02
8.849623870849609375e+01	9.203764051198959351e-02
8.872180175781250000e+01	9.180729091167449951e-02
8.894736480712890625e+01	9.157811105251312256e-02
8.917293548583984375e+01	9.135005623102188110e-02
8.939849853515625000e+01	9.112320840358734131e-02
8.962406158447265625e+01	9.089734405279159546e-02
8.984962463378906250e+01	9.067272394895553589e-02
9.007518768310546875e+01	9.044911712408065796e-02
9.030075073242187500e+01	9.022669494152069092e-02
9.052631378173828125e+01	9.000530838966369629e-02
9.075187683105468750e+01	8.978495746850967407e-02
9.097743988037109375e+01	8.956579118967056274e-02
9.120301055908203125e+01	8.934760093688964844e-02
9.142857360839843750e+01	8.913047611713409424e-02
9.165413665771484375e+01	8.891446143388748169e-02
9.187969970703125000e+01	8.869944512844085693e-02
9.210526275634765625e+01	8.848544210195541382e-02
9.233082580566406250e+01	8.827248960733413696e-02
9.255638885498046875e+01	8.806058764457702637e-02
9.278195190429687500e+01	8.784965425729751587e-02
9.300751495361328125e+01	8.763965964317321777e-02
9.323308563232421875e+01	8.743076026439666748e-02
9.345864868164062500e+01	8.722282201051712036e-02
9.368421173095703125e+01	8.701587468385696411e-02
9.390977478027343750e+01	8.680990338325500488e-02
9.413533782958984375e+01	8.660495281219482422e-02
9.436090087890625000e+01	8.640091121196746826e-02
9.458646392822265625e+01	8.619786053895950317e-02
9.481202697753906250e+01	8.599569648504257202e-02
9.503759765625000000e+01	8.579453080892562866e-02
9.526316070556640625e+01	8.559425175189971924e-02
9.548872375488281250e+01	8.539497107267379761e-02
9.571428680419921875e+01	8.519657701253890991e-02
9.593984985351562500e+01	8.499905467033386230e-02
9.616541290283203125e+01	8.480247110128402710e-02
9.639097595214843750e+01	8.460683375597000122e-02
9.661653900146484375e+01	8.441208302974700928e-02
9.684210205078125000e+01	8.421819657087326050e-02
9.706767272949218750e+01	8.402524143457412720e-02
9.729323577880859375e+01	8.383312821388244629e-02
9.751879882812500000e+01	8.364184945821762085e-02
9.774436187744140625e+01	8.345153182744979858e-02
9.796992492675781250e+01	8.326202630996704102e-02
9.819548797607421875e+01	8.307345211505889893e-02
9.842105102539062500e+01	8.288561552762985229e-02
9.864661407470703125e+01	8.269865810871124268e-02
9.887217712402343750e+01	8.251256495714187622e-02
9.909774780273437500e+01	8.232731372117996216e-02
9.932331085205078125e+01	8.214282244443893433e-02
9.954887390136718750e+01	8.195921033620834351e-02
9.977443695068359375e+01	8.177642524242401123e-02
1.000000000000000000e+02	8.159440755844116211e-02
