# (1)	(2)
# kT	c
1.000000000000000000e+01	6.317390203475952148e-01
1.022556400299072266e+01	6.406814455986022949e-01
1.045112800598144531e+01	6.494860053062438965e-01
1.067669200897216797e+01	6.581047177314758301e-01
1.090225601196289062e+01	6.665107607841491699e-01
1.112782001495361328e+01	6.746727824211120605e-01
1.135338306427001953e+01	6.825547814369201660e-01
1.157894706726074219e+01	6.901335120201110840e-01
1.180451107025146484e+01	6.973836421966552734e-01
1.203007507324218750e+01	7.042894959449768066e-01
1.225563907623291016e+01	7.108277082443237305e-01
1.248120307922363281e+01	7.169870138168334961e-01
1.270676708221435547e+01	7.227534055709838867e-01
1.293233108520507812e+01	7.281193733215332031e-01
1.315789508819580078e+01	7.330791354179382324e-01
1.338345909118652344e+01	7.376279234886169434e-01
1.360902214050292969e+01	7.417635917663574219e-01
1.383458614349365234e+01	7.454838752746582031e-01
1.406015014648437500e+01	7.487951517105102539e-01
1.428571414947509766e+01	7.516985535621643066e-01
1.451127815246582031e+01	7.541984319686889648e-01
1.473684215545654297e+01	7.563021779060363770e-01
1.496240615844726562e+01	7.580155134201049805e-01
1.518797016143798828e+01	7.593477964401245117e-01
1.541353416442871094e+01	7.603086233139038086e-01
1.563909816741943359e+01	7.609083056449890137e-01
1.586466217041015625e+01	7.611567974090576172e-01
1.609022521972656250e+01	7.610650658607482910e-01
1.631579017639160156e+01	7.606455087661743164e-01
1.654135322570800781e+01	7.599084973335266113e-01
1.676691818237304688e+01	7.588678598403930664e-01
1.699248123168945312e+01	7.575350403785705566e-01
1.721804428100585938e+01	7.559213638305664062e-01
1.744360923767089844e+01	7.540402412414550781e-01
1.766917228698730469e+01	7.519042491912841797e-01
1.789473724365234375e+01	7.495248913764953613e-01
1.812030029296875000e+01	7.469140887260437012e-01
1.834586524963378906e+01	7.440844774246215820e-01
1.857142829895019531e+01	7.410474419593811035e-01
1.879699325561523438e+01	7.378138899803161621e-01
1.902255630493164062e+01	7.343958616256713867e-01
1.924812126159667969e+01	7.308029532432556152e-01
1.947368431091308594e+01	7.270475625991821289e-01
1.969924736022949219e+01	7.231383919715881348e-01
1.992481231689453125e+01	7.190863490104675293e-01
2.015037536621093750e+01	7.149010896682739258e-01
2.037594032287597656e+01	7.105916738510131836e-01
2.060150337219238281e+01	7.061673402786254883e-01
2.082706832885742188e+01	7.016364336013793945e-01
2.105263137817382812e+01	6.970076560974121094e-01
2.127819633483886719e+01	6.922892928123474121e-01
2.150375938415527344e+01	6.874881982803344727e-01
2.172932434082031250e+01	6.826127171516418457e-01
2.195488739013671875e+01	6.776693463325500488e-01
2.218045043945312500e+01	6.726648211479187012e-01
2.240601539611816406e+01	6.676058769226074219e-01
2.263157844543457031e+01	6.624982953071594238e-01
2.285714340209960938e+01	6.573482155799865723e-01
2.308270645141601562e+01	6.521616578102111816e-01
2.330827140808105469e+01	6.469429135322570801e-01
2.353383445739746094e+01	6.416977643966674805e-01
2.375939941406250000e+01	6.364306211471557617e-01
2.398496246337890625e+01	6.311463713645935059e-01
2.421052742004394531e+01	6.258489489555358887e-01
2.443609046936035156e+01	6.205426454544067383e-01
2.466165351867675781e+01	6.152310967445373535e-01
2.488721847534179688e+01	6.099182963371276855e-01
2.511278152465820312e+01	6.046071052551269531e-01
2.533834648132324219e+01	5.993011593818664551e-01
2.556390953063964844e+01	5.940034389495849609e-01
2.578947448730468750e+01	5.887166261672973633e-01
2.601503753662109375e+01	5.834435820579528809e-01
2.624060249328613281e+01	5.781865119934082031e-01
2.646616554260253906e+01	5.729483366012573242e-01
2.669173049926757812e+01	5.677306056022644043e-01
2.691729354858398438e+01	5.625357031822204590e-01
2.714285659790039062e+01	5.573655962944030762e-01
2.736842155456542969e+01	5.522215962409973145e-01
2.759398460388183594e+01	5.471060276031494141e-01
2.781954956054687500e+01	5.420200228691101074e-01
2.804511260986328125e+01	5.369649529457092285e-01
2.827067756652832031e+01	5.319423675537109375e-01
2.849624061584472656e+01	5.269532799720764160e-01
2.872180557250976562e+01	5.219989418983459473e-01
2.894736862182617188e+01	5.170801281929016113e-01
2.917293357849121094e+01	5.121979713439941406e-01
2.939849662780761719e+01	5.073534250259399414e-01
2.962405967712402344e+01	5.025470852851867676e-01
2.984962463378906250e+01	4.977794885635375977e-01
3.007518768310546875e+01	4.930514991283416748e-01
3.030075263977050781e+01	4.883636236190795898e-01
3.052631568908691406e+01	4.837163388729095459e-01
3.075188064575195312e+01	4.791100919246673584e-01
3.097744369506835938e+01	4.745452404022216797e-01
3.120300865173339844e+01	4.700220823287963867e-01
3.142857170104980469e+01	4.655408561229705811e-01
3.165413665771484375e+01	4.611019790172576904e-01
3.187969970703125000e+01	4.567052721977233887e-01
3.210526275634765625e+01	4.523512423038482666e-01
3.233082580566406250e+01	4.480398595333099365e-01
3.255639266967773438e+01	4.437709748744964600e-01
3.278195571899414062e+01	4.395450055599212646e-01
3.300751876831054688e+01	4.353617131710052490e-01
3.323308181762695312e+01	4.312210083007812500e-01
3.345864868164062500e+01	4.271228611469268799e-01
3.368421173095703125e+01	4.230673909187316895e-01
3.390977478027343750e+01	4.190542101860046387e-01
3.413533782958984375e+01	4.150833189487457275e-01
3.436090087890625000e+01	4.111545681953430176e-01
3.458646774291992188e+01	4.072677195072174072e-01
3.481203079223632812e+01	4.034226536750793457e-01
3.503759384155273438e+01	3.996190726757049561e-01
3.526315689086914062e+01	3.958566784858703613e-01
3.548872375488281250e+01	3.921352922916412354e-01
3.571428680419921875e+01	3.884548246860504150e-01
3.593984985351562500e+01	3.848148584365844727e-01
3.616541290283203125e+01	3.812150359153747559e-01
3.639097976684570312e+01	3.776550590991973877e-01
3.661654281616210938e+01	3.741347491741180420e-01
3.684210586547851562e+01	3.706537187099456787e-01
3.706766891479492188e+01	3.672117292881011963e-01
3.729323196411132812e+01	3.638083934783935547e-01
3.751879882812500000e+01	3.604432344436645508e-01
3.774436187744140625e+01	3.571160137653350830e-01
3.796992492675781250e+01	3.538265526294708252e-01
3.819548797607421875e+01	3.505743741989135742e-01
3.842105484008789062e+01	3.473590016365051270e-01
3.864661788940429688e+01	3.441801965236663818e-01
3.887218093872070312e+01	3.410376608371734619e-01
3.909774398803710938e+01	3.379309773445129395e-01
3.932330703735351562e+01	3.348595499992370605e-01
3.954887390136718750e+01	3.318233489990234375e-01
3.977443695068359375e+01	3.288217782974243164e-01
4.000000000000000000e+01	3.258546888828277588e-01
4.022556304931640625e+01	3.229215145111083984e-01
4.045112991333007812e+01	3.200218379497528076e-01
4.067669296264648438e+01	3.171555399894714355e-01
4.090225601196289062e+01	3.143220245838165283e-01
4.112781906127929688e+01	3.115210831165313721e-01
4.135338211059570312e+01	3.087521791458129883e-01
4.157894897460937500e+01	3.060150146484375000e-01
4.180451202392578125e+01	3.033092617988586426e-01
4.203007507324218750e+01	3.006345033645629883e-01
4.225563812255859375e+01	2.979904711246490479e-01
4.248120498657226562e+01	2.953766584396362305e-01
4.270676803588867188e+01	2.927927970886230469e-01
4.293233108520507812e+01	2.902384400367736816e-01
4.315789413452148438e+01	2.877134382724761963e-01
4.338346099853515625e+01	2.852171063423156738e-01
4.360902404785156250e+01	2.827494740486145020e-01
4.383458709716796875e+01	2.803099453449249268e-01
4.406015014648437500e+01	2.778981924057006836e-01
4.428571319580078125e+01	2.755139768123626709e-01
4.451128005981445312e+01	2.731567621231079102e-01
4.473684310913085938e+01	2.708265483379364014e-01
4.496240615844726562e+01	2.685226798057556152e-01
4.518796920776367188e+01	2.662448585033416748e-01
4.541353607177734375e+01	2.639929950237274170e-01
4.563909912109375000e+01	2.617665529251098633e-01
4.586466217041015625e+01	2.595652937889099121e-01
4.609022521972656250e+01	2.573888301849365234e-01
4.631578826904296875e+01	2.552369236946105957e-01
4.654135513305664062e+01	2.531092166900634766e-01
4.676691818237304688e+01	2.510053813457489014e-01
4.699248123168945312e+01	2.489252239465713501e-01
4.721804428100585938e+01	2.468683570623397827e-01
4.744361114501953125e+01	2.448344677686691284e-01
4.766917419433593750e+01	2.428232729434967041e-01
4.789473724365234375e+01	2.408345639705657959e-01
4.812030029296875000e+01	2.388679683208465576e-01
4.834586715698242188e+01	2.369230985641479492e-01
4.857143020629882812e+01	2.349999397993087769e-01
4.879699325561523438e+01	2.330980300903320312e-01
4.902255630493164062e+01	2.312171906232833862e-01
4.924811935424804688e+01	2.293570488691329956e-01
4.947368621826171875e+01	2.275174111127853394e-01
4.969924926757812500e+01	2.256979048252105713e-01
4.992481231689453125e+01	2.238984256982803345e-01
5.015037536621093750e+01	2.221186608076095581e-01
5.037594223022460938e+01	2.203582972288131714e-01
5.060150527954101562e+01	2.186170816421508789e-01
5.082706832885742188e+01	2.168949246406555176e-01
5.105263137817382812e+01	2.151914089918136597e-01
5.127819442749023438e+01	2.135063707828521729e-01
5.150376129150390625e+01	2.118395417928695679e-01
5.172932434082031250e+01	2.101907283067703247e-01
5.195488739013671875e+01	2.085596174001693726e-01
5.218045043945312500e+01	2.069461196660995483e-01
5.240601730346679688e+01	2.053498625755310059e-01
5.263158035278320312e+01	2.037707418203353882e-01
5.285714340209960938e+01	2.022084295749664307e-01
5.308270645141601562e+01	2.006627470254898071e-01
5.330827331542968750e+01	1.991335600614547729e-01
5.353383636474609375e+01	1.976205259561538696e-01
5.375939941406250000e+01	1.961235255002975464e-01
5.398496246337890625e+01	1.946423798799514771e-01
5.421052551269531250e+01	1.931768357753753662e-01
5.443609237670898438e+01	1.917265802621841431e-01
5.466165542602539062e+01	1.902916878461837769e-01
5.488721847534179688e+01	1.888717412948608398e-01
5.511278152465820312e+01	1.874665766954421997e-01
5.533834457397460938e+01	1.860761493444442749e-01
5.556390762329101562e+01	1.847000867128372192e-01
5.578947448730468750e+01	1.833383589982986450e-01
5.601503753662109375e+01	1.819906383752822876e-01
5.624060058593750000e+01	1.806568950414657593e-01
5.646616363525390625e+01	1.793368756771087646e-01
5.669172668457031250e+01	1.780304014682769775e-01
5.691729354858398438e+01	1.767372936010360718e-01
5.714285659790039062e+01	1.754574328660964966e-01
5.736841964721679688e+01	1.741906702518463135e-01
5.759398269653320312e+01	1.729367077350616455e-01
5.781954956054687500e+01	1.716955304145812988e-01
5.804511260986328125e+01	1.704668551683425903e-01
5.827067565917968750e+01	1.692506670951843262e-01
5.849623870849609375e+01	1.680466979742050171e-01
5.872180557250976562e+01	1.668548285961151123e-01
5.894736862182617188e+01	1.656749397516250610e-01
5.917293167114257812e+01	1.645068228244781494e-01
5.939849472045898438e+01	1.633503735065460205e-01
5.962405776977539062e+01	1.622054427862167358e-01
5.984962463378906250e+01	1.610718220472335815e-01
6.007518768310546875e+01	1.599495559930801392e-01
6.030075073242187500e+01	1.588383018970489502e-01
6.052631378173828125e+01	1.577380001544952393e-01
6.075188064575195312e+01	1.566485613584518433e-01
6.097744369506835938e+01	1.555697768926620483e-01
6.120300674438476562e+01	1.545015424489974976e-01
6.142856979370117188e+01	1.534437537193298340e-01
6.165413284301757812e+01	1.523962914943695068e-01
6.187969970703125000e+01	1.513589620590209961e-01
6.210526275634765625e+01	1.503316909074783325e-01
6.233082580566406250e+01	1.493143588304519653e-01
6.255638885498046875e+01	1.483068466186523438e-01
6.278195571899414062e+01	1.473090350627899170e-01
6.300751876831054688e+01	1.463207602500915527e-01
6.323308181762695312e+01	1.453419774770736694e-01
6.345864486694335938e+01	1.443724930286407471e-01
6.368421173095703125e+01	1.434122622013092041e-01
6.390977478027343750e+01	1.424611657857894897e-01
6.413533782958984375e+01	1.415190994739532471e-01
6.436090087890625000e+01	1.405858844518661499e-01
6.458646392822265625e+01	1.396615505218505859e-01
6.481202697753906250e+01	1.387458741664886475e-01
6.503759002685546875e+01	1.378387659788131714e-01
6.526316070556640625e+01	1.369401514530181885e-01
6.548872375488281250e+01	1.360499560832977295e-01
6.571428680419921875e+01	1.351680308580398560e-01
6.593984985351562500e+01	1.342943459749221802e-01
6.616541290283203125e+01	1.334287077188491821e-01
6.639097595214843750e+01	1.325710713863372803e-01
6.661653900146484375e+01	1.317213475704193115e-01
6.684210205078125000e+01	1.308794468641281128e-01
6.706766510009765625e+01	1.300452649593353271e-01
6.729323577880859375e+01	1.292187720537185669e-01
6.751879882812500000e+01	1.283997744321823120e-01
6.774436187744140625e+01	1.275882124900817871e-01
6.796992492675781250e+01	1.267840415239334106e-01
6.819548797607421875e+01	1.259872019290924072e-01
6.842105102539062500e+01	1.251975148916244507e-01
6.864661407470703125e+01	1.244150027632713318e-01
6.887217712402343750e+01	1.236394867300987244e-01
6.909774017333984375e+01	1.228709593415260315e-01
6.932331085205078125e+01	1.221092790365219116e-01
6.954887390136718750e+01	1.213544085621833801e-01
6.977443695068359375e+01	1.206062883138656616e-01
7.000000000000000000e+01	1.198647767305374146e-01
7.022556304931640625e+01	1.191298812627792358e-01
7.045112609863281250e+01	1.184014752507209778e-01
7.067668914794921875e+01	1.176794618368148804e-01
7.090225219726562500e+01	1.169638335704803467e-01
7.112782287597656250e+01	1.162544786930084229e-01
7.135338592529296875e+01	1.155513077974319458e-01
7.157894897460937500e+01	1.148543208837509155e-01
7.180451202392578125e+01	1.141633987426757812e-01
7.203007507324218750e+01	1.134784817695617676e-01
7.225563812255859375e+01	1.127995029091835022e-01
7.248120117187500000e+01	1.121263727545738220e-01
7.270676422119140625e+01	1.114590913057327271e-01
7.293232727050781250e+01	1.107975319027900696e-01
7.315789794921875000e+01	1.101416349411010742e-01
7.338346099853515625e+01	1.094913706183433533e-01
7.360902404785156250e+01	1.088466346263885498e-01
7.383458709716796875e+01	1.082074716687202454e-01
7.406015014648437500e+01	1.075736805796623230e-01
7.428571319580078125e+01	1.069452911615371704e-01
7.451127624511718750e+01	1.063222363591194153e-01
7.473683929443359375e+01	1.057044193148612976e-01
7.496240234375000000e+01	1.050918102264404297e-01
7.518797302246093750e+01	1.044843196868896484e-01
7.541353607177734375e+01	1.038819402456283569e-01
7.563909912109375000e+01	1.032845824956893921e-01
7.586466217041015625e+01	1.026922762393951416e-01
7.609022521972656250e+01	1.021048277616500854e-01
7.631578826904296875e+01	1.015222892165184021e-01
7.654135131835937500e+01	1.009445786476135254e-01
7.676691436767578125e+01	1.003716289997100830e-01
7.699247741699218750e+01	9.980339556932449341e-02
7.721804809570312500e+01	9.923982620239257812e-02
7.744361114501953125e+01	9.868089854717254639e-02
7.766917419433593750e+01	9.812656044960021973e-02
7.789473724365234375e+01	9.757671505212783813e-02
7.812030029296875000e+01	9.703134000301361084e-02
7.834586334228515625e+01	9.649045020341873169e-02
7.857142639160156250e+01	9.595390409231185913e-02
7.879698944091796875e+01	9.542172402143478394e-02
7.902255249023437500e+01	9.489382058382034302e-02
7.924812316894531250e+01	9.437013417482376099e-02
7.947368621826171875e+01	9.385069459676742554e-02
7.969924926757812500e+01	9.333543479442596436e-02
7.992481231689453125e+01	9.282425791025161743e-02
8.015037536621093750e+01	9.231719374656677246e-02
8.037593841552734375e+01	9.181411564350128174e-02
8.060150146484375000e+01	9.131504595279693604e-02
8.082706451416015625e+01	9.081994742155075073e-02
8.105262756347656250e+01	9.032873064279556274e-02
8.127819824218750000e+01	8.984140306711196899e-02
8.150376129150390625e+01	8.935790508985519409e-02
8.172932434082031250e+01	8.887820690870285034e-02
8.195488739013671875e+01	8.840225636959075928e-02
8.218045043945312500e+01	8.793002367019653320e-02
8.240601348876953125e+01	8.746147155761718750e-02
8.263157653808593750e+01	8.699656277894973755e-02
8.285713958740234375e+01	8.653528243303298950e-02
8.308271026611328125e+01	8.607754111289978027e-02
8.330827331542968750e+01	8.562330156564712524e-02
8.353383636474609375e+01	8.517263829708099365e-02
8.375939941406250000e+01	8.472537249326705933e-02
8.398496246337890625e+01	8.428157120943069458e-02
8.421052551269531250e+01	8.384113758802413940e-02
8.443608856201171875e+01	8.340410888195037842e-02
8.466165161132812500e+01	8.297037333250045776e-02
8.488721466064453125e+01	8.253994584083557129e-02
8.511278533935546875e+01	8.211275935173034668e-02
8.533834838867187500e+01	8.168884366750717163e-02
8.556391143798828125e+01	8.126809448003768921e-02
8.578947448730468750e+01	8.085052669048309326e-02
8.601503753662109375e+01	8.043611049652099609e-02
8.624060058593750000e+01	8.002477139234542847e-02
8.646616363525390625e+01	7.961653172969818115e-02
8.669172668457031250e+01	7.921132445335388184e-02
8.691728973388671875e+01	7.880913466215133667e-02
8.714286041259765625e+01	7.840992510318756104e-02
8.736842346191406250e+01	7.801368087530136108e-02
8.759398651123046875e+01	7.762037962675094604e-02
8.781954956054687500e+01	7.722996175289154053e-02
8.804511260986328125e+01	7.684242725372314453e-02
8.827067565917968750e+01	7.645776867866516113e-02
8.849623870849609375e+01	7.607588171958923340e-02
8.872180175781250000e+01	7.569681107997894287e-02
8.894736480712890625e+01	7.532050460577011108e-02
8.917293548583984375e+01	7.494693994522094727e-02
8.939849853515625000e+01	7.457607984542846680e-02
8.962406158447265625e+01	7.420788705348968506e-02
8.984962463378906250e+01	7.384241372346878052e-02
9.007518768310546875e+01	7.347954809665679932e-02
9.030075073242187500e+01	7.311929017305374146e-02
9.052631378173828125e+01	7.276163250207901001e-02
9.075187683105468750e+01	7.240653038024902344e-02
9.097743988037109375e+01	7.205397635698318481e-02
9.120301055908203125e+01	7.170393317937850952e-02
9.142857360839843750e+01	7.135639339685440063e-02
9.165413665771484375e+01	7.101131230592727661e-02
9.187969970703125000e+01	7.066868245601654053e-02
9.210526275634765625e+01	7.032847404479980469e-02
9.233082580566406250e+01	6.999070197343826294e-02
9.255638885498046875e+01	6.965528428554534912e-02
9.278195190429687500e+01	6.932222843170166016e-02
9.300751495361328125e+01	6.899148225784301758e-02
9.323308563232421875e+01	6.866307556629180908e-02
9.345864868164062500e+01	6.833695620298385620e-02
9.368421173095703125e+01	6.801313161849975586e-02
9.390977478027343750e+01	6.769154220819473267e-02
9.413533782958984375e+01	6.737218052148818970e-02
9.436090087890625000e+01	6.705505400896072388e-02
9.458646392822265625e+01	6.674010306596755981e-02
9.481202697753906250e+01	6.642732769250869751e-02
9.503759765625000000e+01	6.611669063568115234e-02
9.526316070556640625e+01	6.580820679664611816e-02
9.548872375488281250e+01	6.550184637308120728e-02
9.571428680419921875e+01	6.519755721092224121e-02
9.593984985351562500e+01	6.489536166191101074e-02
9.616541290283203125e+01	6.459523737430572510e-02
9.639097595214843750e+01	6.429711729288101196e-02
9.661653900146484375e+01	6.400104612112045288e-02
9.684210205078125000e+01	6.370697170495986938e-02
9.706767272949218750e+01	6.341487914323806763e-02
9.729323577880859375e+01	6.312475353479385376e-02
9.751879882812500000e+01	6.283658742904663086e-02
9.774436187744140625e+01	6.255037337541580200e-02
9.796992492675781250e+01	6.226604431867599487e-02
9.819548797607421875e+01	6.198363378643989563e-02
9.842105102539062500e+01	6.170310825109481812e-02
9.864661407470703125e+01	6.142445281147956848e-02
9.887217712402343750e+01	6.114764511585235596e-02
9.909774780273437500e+01	6.087266281247138977e-02
9.932331085205078125e+01	6.059950217604637146e-02
9.954887390136718750e+01	6.032816693186759949e-02
9.977443695068359375e+01	6.005861610174179077e-02
1.000000000000000000e+02	5.979080125689506531e-02
